$ANSIBLE_VAULT;1.1;AES256
65343739343335383234323033666337353166373935383561303161636334306262393338663062
6231366637323532653638623131373633623062333762660a343065306237656162663435373733
35626235393561326464366539666130383033653230333866656339646439356634303766303965
3137306664306332390a303861653037353231393361653764666363323133633232656261366165
35343238396439316661376463343762353039323134613538353235383235336538353636363437
63346664623937333636613933636662393430633062343339613030343966323166663437396637
39366661386339663538353936346634326239336532316463663834363432633661626262666134
31306137633561663731323030626330316431383963336666316531653834383963653436633335
66313066613235636366356664343262623730653933616636323436353733383262623532373361
64373965656436366166356238323561633135343834363737623762326338653339643332613163
36326566376339383763373630666564353438643831383436306335653032626533303134363761
31656236613130313237616333316664333463366233393336616131356331336538636261663337
37313161373561353234626262346430373637353431393661356338623731636139373835393336
31386263633433613532313163303938613766663030343061646534326663303361303665393465
34383635316463393230373731656534386636353533316666633465336563663730333230396162
30373332633663353632323135646437643332343264373365643332343239313263393330613735
39643864313838346162623531333561386364316330366261303535623236386539626566623465
36613736666366653630386537333333396139353162623838643663666364386466306433346434
63366336396230326239303233613462643931316232636431326231316664643564323437626231
32303137326161633134363366393465393637393862313336313761636166386363393031343762
30376563343063636437623833386630633737653339363734336631373837323664333335633064
65313532343331386565633330616439343363376331393233303037656232346638646337376366
62663465323363313964616166633637386663623037616634653836333964663539363837326363
61623835613865393231313461313566663966643634383130366239363934303265333165316263
31656164343561623561343632633565373265353539316439366133653361306562623839333431
31626361663163623833653965646334663039323964376264333434613563643030636438633537
30336636636562666131343562343736316264633963663964353761613161393163643561343436
32656666353461323230376264333431326561333263373031383531383861613730326261343830
37623633303461663265333663626230623164306264353539383361656136386436393232633137
32383835636364303739303631303461366332373366383736643938393332346135366438313339
35633139303737323139633831383965353738646338363230393338363432356238643935306563
34643730373865613061386136323837663161666363356333383735386564646263353462303030
33316536666134356332336430363236326564393265643864383938623339376632313664616237
37373039396432653831303937333039343334623831386236363665333631366362306132653237
65656166333463353063323439653337653839383631316565623137396564626430336633393761
61616566646434306635333861343536366362656662323431383366353165386663346337313334
32636164626539613338613136333636393262313338336139323539633432656235353837643937
35633866333639626339313435373737323832633066626466306630373830336233336333383530
65366333303931366133313332313939393734326664326161663261653532373364313532343266
33633961303835366237633731396131623730666333663764636631366333373764313236643063
33393235646232303335613562323938323038666637303630386263306637343661653437373936
66313264376365313436393135663133303830333363383637666634373038616563313830653834
64663933323235326232666235333865393962366235363533653637663031653032373063353132
30353134383434306564306561336432353466383038393566303634386632353732646264633335
30613236346333653837396536333161663336353661386334363062353032313766396637616163
62633931303538373664333463643632386137383935353331313431316130376565633264323530
36356336376563356331376561663836623633306163343933366232316630656133316132316533
31613432636637313965333838613436306438633730356663323062306366653563626130316332
64343639643938343235366138393563653935653038396336363436353933336137393133313334
36633132383439646537616638356638343366333163626636363665666238633030386633316265
38363865633961363034303966313634393637346362633862396166623938376366623133333033
34303066373539393830633230646638316330393466613038613432383435633839633537656535
32343237623139313930653964356538376231316135343836306161346234313537346130306161
36353731633539653131366536383735333831663365356439353336663363313436643036656663
65333163386336636636323461646238383131323831303463623835346532653034663539633161
64656661653130316633623764336139326536323030646464326366666636326132623062356635
30623561633932316665623932623234343339323733353638386330663734323534323836366632
63393632396239623332363732373966363561353862326337353164323933393130636163306465
38323761623837633335333934376663623831336537383763386362663730346132323033313338
35623032303935396161663336653764623061366430383864363237623435386163396234333363
34396236316633363563363932323866366664646266613664386437643637373165626430623533
37653863613361623838353331633337353030613863373130306438616432323863343237656531
61326138303838663235666235643033353335346236636366386565373766333432616434323833
63353535613730376531323935353639616166376637343865663935653363366432663432306366
34633830366137353337633764323035356432626562393939666135623934663766663839363735
61303434353833373332343166623436356336333431636361643034646235343035656432306332
30393562346237633964303837363937613164333564376239633461336166623661346464316539
39303863316261616265643539333764323739383464303262613233646464623135356535323436
36323764346635303132366238646565343435363530346535646335346539313165326430313639
30656536646239376136363239623564383738653336623862396561653937303838346136313561
37666664333465656437383264656535666436363166353039616361633539633136623836356466
64383731363338376535653234656262346339386463613138386332623931613938333765666432
66383263623165623139386338396531346530616463666562323530363731323430316466653738
34666435393337316162383839363435346563623566656561306364613239653339316435663432
63393333343834366466386536353832323438643965303439613666323331353662653436633237
65616539333239356133656136626162666236663935393233613136613837383735323237353237
61383533393930653137343534363563323333633734303464356432623233633265666138656663
61343764313837313465333637626538383336326336376365396365663538393562363966653534
63363166383238343764656438363632666539303864376662383765616233363931333333613734
39653561623437326562363137343930356261663562386531356261376361383765636166316566
33333734353738396335653439643061346339313731626539356637633262316166393463623466
66376230326261336661653239333535383263323631376339373934373462643934393365356131
30383430646365323663643336393833656630393066376166656661366264383335636435383833
30396664393262303338326363303435383939373461306462623339306533383965616163343764
66346365373938636133383832313931373632366537383731353139353861343531623233656463
32373565646633346161393563366564333831646537326430636337636466303335353766333865
37393532626331323537333036646332643436643566323133386531346430656138376532636237
35616637313636346233313738303161633138643731353762363765383535303061636132326334
64316263383665336139323564383866356334626663383063653462316665353438646664613131
35336535626666666632373136633230363361363063326562333561313837333962643134616433
61633262663131656162393864633365323965386235643531646538343630366465313338323932
34623864323635363834656166653839326633313461663732323861376464356333363639373339
33356566303439316434303464366165356137313132376232626462343136303030616430626663
30346630633332633031616366303561303864666261393237363532626639336363653535323735
66353661613438643630653835653863363761626435373839356331303730633333363662643764
35343037373439646238353233396662623863396635343633623135363635386634336264373231
30313333356336623731346362346265383239306561336337396462356231356361313335663735
30353431323830623461646662396239373464623433653638633563643766326663333166316166
66616332613635646362313336383531316533353139616664366461666639663964343732326638
36373065336366633630626262373334626363653762383264353434646562663438663237653763
64303938326238303931316137306632653839333738663635623861353164623635656563626466
32386463613535616266663138373961346235353632303732656332633939656561383435356263
35346539346230663766363566333662316563386434353336383633386339343332373963303739
38396531396630646334326136326233383136623930323265663733333836613236373862623565
39316532346435396136643534336335356435636636613637396637663534373136326336343339
32383335653061326230373832333534336231333835333136343163636537663261663137393530
31323030333763373265656263353631306130303463636535633232386334636332363431303161
37626430363664626263396136623238656266393437333065643036373031356130363832656631
66363165366362396338333664366333336635396563336536313536626531373566366230333562
31316535646266346231353831646530393932393338656564393032393466366462306237666237
31303838643438626239366538323739313261353334366464366434623966653863393332353564
30316531353839633134313435393764306564313338376539366365646233353730633262333365
36346365313763393735356562646238383036323765633664333135656662643537303264373565
36373864356264366465646361656632303331333764613431376539336231393637663464626366
35373731663939386662393131326531663665646366666437633663303932303535353230333662
63343239373865643236653638333032336264373462643165343365336438396564363864663439
31313061663065626434336434656462623663626661326631383764303033356364323734376635
39616435373831386164383934313034393239383132306262373165366432636535326637653064
30306464316135393232386663326634666362643265633033616164326266336535646136356339
61623861323464663436333037323864376566643964653363393037666632303535616536353162
32383138313436666437306430633965626664643632346236653030323332383662613663323863
31636335626331646336626530636235636537313966633064306434356130353136316265613033
31626534633566656332376337656138386533313038306163336238316562333763623139646636
63313065363033396539306561353531356138376539396639363633636433613263336539313433
33396332336165613264643465363534343562376432323433333662616230633964613264356134
62643939633730383736656165643463326265306666323837363463333335363836303734653363
38653032636266653833343030323966663062313466316362386364373834366261383537316432
62333836393932656435376537353665373466366235363636333062373836653831653436646364
32386533393432623265656564313862643665303335333632316239666639646233353232383439
34616636366263666338386232653631353563663236636130643238326636643233323739356266
33323132636566373237633939383934613136346634626531316534333865636465306530653538
31383039336433386261626139386435356263623865326631303465653531336230636234356161
30363536353732366538363830313366616635623265303134333366396435663464306637396433
61336131636630623237313265616637323639663135396462383665323261623737393333356562
663666306366323261303233633635316264
